if (typeof BlenderExport == 'undefined') BlenderExport = {};
BlenderExport.RedPanda = {};
BlenderExport.RedPanda.frameCount = 79;
BlenderExport.RedPanda.bones = {"Bone.002_R": [new Float32Array([0.999988,-0.000000,0.004888,0.000000,0.000000,1.000000,0.000000,0.000000,-0.004888,0.000000,0.999988,0.000000,-0.003508,-0.000290,0.027733,1.000000]),new Float32Array([0.999988,-0.000000,0.004888,0.000000,0.000000,1.000000,0.000000,0.000000,-0.004888,0.000000,0.999988,0.000000,-0.003508,-0.000290,0.027733,1.000000]),new Float32Array([0.999988,-0.000000,0.004888,0.000000,0.000000,1.000000,0.000000,0.000000,-0.004888,0.000000,0.999988,0.000000,-0.003508,-0.000290,0.027733,1.000000]),new Float32Array([0.999988,-0.000000,0.004888,0.000000,0.000000,1.000000,0.000000,0.000000,-0.004888,0.000000,0.999988,0.000000,-0.003508,-0.000290,0.027733,1.000000]),new Float32Array([0.999988,-0.000000,0.004888,0.000000,0.000000,1.000000,0.000000,0.000000,-0.004888,0.000000,0.999988,0.000000,-0.003508,-0.000290,0.027733,1.000000]),new Float32Array([0.999988,-0.000000,0.004888,0.000000,0.000000,1.000000,0.000000,0.000000,-0.004888,0.000000,0.999988,0.000000,-0.003508,-0.000290,0.027733,1.000000]),new Float32Array([0.999988,-0.000000,0.004888,0.000000,0.000000,1.000000,0.000000,0.000000,-0.004888,0.000000,0.999988,0.000000,-0.003508,-0.000290,0.027733,1.000000]),new Float32Array([0.999988,-0.000000,0.004888,0.000000,0.000000,1.000000,0.000000,0.000000,-0.004888,0.000000,0.999988,0.000000,-0.003508,-0.000290,0.027733,1.000000]),new Float32Array([0.999988,-0.000000,0.004888,0.000000,0.000000,1.000000,0.000000,0.000000,-0.004888,0.000000,0.999988,0.000000,-0.003508,-0.000290,0.027733,1.000000]),new Float32Array([0.999988,-0.000000,0.004888,0.000000,0.000000,1.000000,0.000000,0.000000,-0.004888,0.000000,0.999988,0.000000,-0.003508,-0.000290,0.027733,1.000000]),new Float32Array([0.999988,-0.000000,0.004888,0.000000,0.000000,1.000000,0.000000,0.000000,-0.004888,0.000000,0.999988,0.000000,-0.003508,-0.000290,0.027733,1.000000]),new Float32Array([0.999988,-0.000000,0.004888,0.000000,0.000000,1.000000,0.000000,0.000000,-0.004888,0.000000,0.999988,0.000000,-0.003508,-0.000290,0.027733,1.000000]),new Float32Array([0.999988,-0.000000,0.004888,0.000000,0.000000,1.000000,0.000000,0.000000,-0.004888,0.000000,0.999988,0.000000,-0.003508,-0.000290,0.027733,1.000000]),new Float32Array([0.999988,-0.000000,0.004888,0.000000,0.000000,1.000000,0.000000,0.000000,-0.004888,0.000000,0.999988,0.000000,-0.003508,-0.000290,0.027733,1.000000]),new Float32Array([0.999988,-0.000000,0.004888,0.000000,0.000000,1.000000,0.000000,0.000000,-0.004888,0.000000,0.999988,0.000000,-0.003508,-0.000290,0.027733,1.000000]),new Float32Array([0.999988,-0.000000,0.004888,0.000000,0.000000,1.000000,0.000000,0.000000,-0.004888,0.000000,0.999988,0.000000,-0.003508,-0.000290,0.027733,1.000000]),new Float32Array([0.999988,-0.000000,0.004888,0.000000,0.000000,1.000000,0.000000,0.000000,-0.004888,0.000000,0.999988,0.000000,-0.003508,-0.000290,0.027733,1.000000]),new Float32Array([0.999988,-0.000000,0.004888,0.000000,0.000000,1.000000,0.000000,0.000000,-0.004888,0.000000,0.999988,0.000000,-0.003508,-0.000290,0.027733,1.000000]),new Float32Array([0.999988,-0.000000,0.004888,0.000000,0.000000,1.000000,0.000000,0.000000,-0.004888,0.000000,0.999988,0.000000,-0.003508,-0.000290,0.027733,1.000000]),new Float32Array([0.999988,-0.000000,0.004888,0.000000,0.000000,1.000000,0.000000,0.000000,-0.004888,0.000000,0.999988,0.000000,-0.003508,-0.000290,0.027733,1.000000]),new Float32Array([0.999988,-0.000000,0.004888,0.000000,0.000000,1.000000,0.000000,0.000000,-0.004888,0.000000,0.999988,0.000000,-0.003508,-0.000290,0.027733,1.000000]),new Float32Array([0.999988,-0.000000,0.004888,0.000000,0.000000,1.000000,0.000000,0.000000,-0.004888,0.000000,0.999988,0.000000,-0.003508,-0.000290,0.027733,1.000000]),new Float32Array([0.999988,-0.000000,0.004888,0.000000,0.000000,1.000000,0.000000,0.000000,-0.004888,0.000000,0.999988,0.000000,-0.003508,-0.000290,0.027733,1.000000]),new Float32Array([0.999988,-0.000000,0.004888,0.000000,0.000000,1.000000,0.000000,0.000000,-0.004888,0.000000,0.999988,0.000000,-0.003508,-0.000290,0.027733,1.000000]),new Float32Array([0.999988,-0.000000,0.004888,0.000000,0.000000,1.000000,0.000000,0.000000,-0.004888,0.000000,0.999988,0.000000,-0.003508,-0.000290,0.027733,1.000000]),new Float32Array([0.999988,-0.000000,0.004888,0.000000,0.000000,1.000000,0.000000,0.000000,-0.004888,0.000000,0.999988,0.000000,-0.003508,-0.000290,0.027733,1.000000]),new Float32Array([0.999988,-0.000000,0.004888,0.000000,0.000000,1.000000,0.000000,0.000000,-0.004888,0.000000,0.999988,0.000000,-0.015785,-0.030295,-0.157154,1.000000]),new Float32Array([0.999988,-0.000000,0.004888,0.000000,0.000000,1.000000,0.000000,0.000000,-0.004888,0.000000,0.999988,0.000000,-0.035497,-0.099743,-0.341181,1.000000]),new Float32Array([0.999988,-0.000000,0.004888,0.000000,0.000000,1.000000,0.000000,0.000000,-0.004888,0.000000,0.999988,0.000000,-0.052567,-0.413860,0.397933,1.000000]),new Float32Array([0.999988,-0.000000,0.004888,0.000000,0.000000,1.000000,0.000000,0.000000,-0.004888,0.000000,0.999988,0.000000,-0.057133,-0.646454,1.042061,1.000000]),new Float32Array([0.999988,-0.000000,0.004888,0.000000,0.000000,1.000000,0.000000,0.000000,-0.004888,0.000000,0.999988,0.000000,-0.054964,-0.835936,1.574394,1.000000]),new Float32Array([0.999988,-0.000000,0.004888,0.000000,0.000000,1.000000,0.000000,0.000000,-0.004888,0.000000,0.999988,0.000000,-0.052567,-1.024673,1.763933,1.000000]),new Float32Array([0.999988,-0.000000,0.004888,0.000000,0.000000,1.000000,0.000000,0.000000,-0.004888,0.000000,0.999988,0.000000,-0.052204,-1.240066,1.670671,1.000000]),new Float32Array([0.999988,-0.000000,0.004888,0.000000,0.000000,1.000000,0.000000,0.000000,-0.004888,0.000000,0.999988,0.000000,-0.052372,-1.462259,1.438096,1.000000]),new Float32Array([0.999988,-0.000000,0.004888,0.000000,0.000000,1.000000,0.000000,0.000000,-0.004888,0.000000,0.999988,0.000000,-0.052567,-1.646591,1.208649,1.000000]),new Float32Array([0.999988,-0.000000,0.004888,0.000000,0.000000,1.000000,0.000000,0.000000,-0.004888,0.000000,0.999988,0.000000,-0.052567,-1.757648,1.019852,1.000000]),new Float32Array([0.999988,-0.000000,0.004888,0.000000,0.000000,1.000000,0.000000,0.000000,-0.004888,0.000000,0.999988,0.000000,-0.052567,-1.835388,0.786633,1.000000]),new Float32Array([0.999988,-0.000000,0.004888,0.000000,0.000000,1.000000,0.000000,0.000000,-0.004888,0.000000,0.999988,0.000000,-0.055622,-1.953013,0.841208,1.000000]),new Float32Array([0.999988,-0.000000,0.004888,0.000000,0.000000,1.000000,0.000000,0.000000,-0.004888,0.000000,0.999988,0.000000,-0.052567,-2.124135,0.908795,1.000000]),new Float32Array([0.999988,-0.000000,0.004888,0.000000,0.000000,1.000000,0.000000,0.000000,-0.004888,0.000000,0.999988,0.000000,-0.035492,-2.354191,0.920260,1.000000]),new Float32Array([0.999988,-0.000000,0.004888,0.000000,0.000000,1.000000,0.000000,0.000000,-0.004888,0.000000,0.999988,0.000000,-0.005912,-2.627117,0.918982,1.000000]),new Float32Array([0.999988,-0.000000,0.004888,0.000000,0.000000,1.000000,0.000000,0.000000,-0.004888,0.000000,0.999988,0.000000,0.029340,-2.928476,0.909211,1.000000]),new Float32Array([0.999988,-0.000000,0.004888,0.000000,0.000000,1.000000,0.000000,0.000000,-0.004888,0.000000,0.999988,0.000000,0.058906,-3.231932,0.899333,1.000000]),new Float32Array([0.999988,-0.000000,0.004888,0.000000,0.000000,1.000000,0.000000,0.000000,-0.004888,0.000000,0.999988,0.000000,0.072452,-3.510606,0.897758,1.000000]),new Float32Array([0.999988,-0.000000,0.004888,0.000000,0.000000,1.000000,0.000000,0.000000,-0.004888,0.000000,0.999988,0.000000,0.065599,-3.748910,0.908795,1.000000]),new Float32Array([0.999988,-0.000000,0.004888,0.000000,0.000000,1.000000,0.000000,0.000000,-0.004888,0.000000,0.999988,0.000000,-0.141526,-3.936148,0.967475,1.000000]),new Float32Array([0.999988,-0.000000,0.004888,0.000000,0.000000,1.000000,0.000000,0.000000,-0.004888,0.000000,0.999988,0.000000,-0.658592,-4.060741,1.067071,1.000000]),new Float32Array([0.999988,-0.000000,0.004888,0.000000,0.000000,1.000000,0.000000,0.000000,-0.004888,0.000000,0.999988,0.000000,-1.211870,-4.149721,1.107926,1.000000]),new Float32Array([0.999988,-0.000000,0.004888,0.000000,0.000000,1.000000,0.000000,0.000000,-0.004888,0.000000,0.999988,0.000000,-1.763790,-4.211568,0.978209,1.000000]),new Float32Array([0.999988,-0.000000,0.004888,0.000000,0.000000,1.000000,0.000000,0.000000,-0.004888,0.000000,0.999988,0.000000,-2.249124,-4.223504,0.850678,1.000000]),new Float32Array([0.999988,-0.000000,0.004888,0.000000,0.000000,1.000000,0.000000,0.000000,-0.004888,0.000000,0.999988,0.000000,-2.445416,-4.221572,0.908795,1.000000]),new Float32Array([0.999988,-0.000000,0.004888,0.000000,0.000000,1.000000,0.000000,0.000000,-0.004888,0.000000,0.999988,0.000000,-2.543825,-4.212712,0.890773,1.000000]),new Float32Array([0.999988,-0.000000,0.004888,0.000000,0.000000,1.000000,0.000000,0.000000,-0.004888,0.000000,0.999988,0.000000,-2.569448,-4.206965,0.872809,1.000000]),new Float32Array([0.999988,-0.000000,0.004888,0.000000,0.000000,1.000000,0.000000,0.000000,-0.004888,0.000000,0.999988,0.000000,-1.981023,-4.194633,1.192067,1.000000]),new Float32Array([0.999988,-0.000000,0.004888,0.000000,0.000000,1.000000,0.000000,0.000000,-0.004888,0.000000,0.999988,0.000000,-0.869796,-4.192515,1.513415,1.000000]),new Float32Array([0.999988,-0.000000,0.004888,0.000000,0.000000,1.000000,0.000000,0.000000,-0.004888,0.000000,0.999988,0.000000,0.154223,-4.221572,0.908795,1.000000]),new Float32Array([0.999988,-0.000000,0.004888,0.000000,0.000000,1.000000,0.000000,0.000000,-0.004888,0.000000,0.999988,0.000000,1.055533,-4.274803,0.979955,1.000000]),new Float32Array([0.999988,-0.000000,0.004888,0.000000,0.000000,1.000000,0.000000,0.000000,-0.004888,0.000000,0.999988,0.000000,1.770078,-4.326934,1.055141,1.000000]),new Float32Array([0.999988,-0.000000,0.004888,0.000000,0.000000,1.000000,0.000000,0.000000,-0.004888,0.000000,0.999988,0.000000,2.388667,-4.375885,1.126955,1.000000]),new Float32Array([0.999988,-0.000000,0.004888,0.000000,0.000000,1.000000,0.000000,0.000000,-0.004888,0.000000,0.999988,0.000000,2.900398,-4.415538,1.153869,1.000000]),new Float32Array([0.999988,-0.000000,0.004888,0.000000,0.000000,1.000000,0.000000,0.000000,-0.004888,0.000000,0.999988,0.000000,3.196981,-4.428361,0.908795,1.000000]),new Float32Array([0.999988,-0.000000,0.004888,0.000000,0.000000,1.000000,0.000000,0.000000,-0.004888,0.000000,0.999988,0.000000,3.327663,-4.412829,0.789381,1.000000]),new Float32Array([0.999988,-0.000000,0.004888,0.000000,0.000000,1.000000,0.000000,0.000000,-0.004888,0.000000,0.999988,0.000000,3.352359,-4.379252,0.763196,1.000000]),new Float32Array([0.999988,-0.000000,0.004888,0.000000,0.000000,1.000000,0.000000,0.000000,-0.004888,0.000000,0.999988,0.000000,3.117946,-4.334870,0.892168,1.000000]),new Float32Array([0.999988,-0.000000,0.004888,0.000000,0.000000,1.000000,0.000000,0.000000,-0.004888,0.000000,0.999988,0.000000,2.418196,-4.268847,1.019617,1.000000]),new Float32Array([0.999988,-0.000000,0.004888,0.000000,0.000000,1.000000,0.000000,0.000000,-0.004888,0.000000,0.999988,0.000000,1.057610,-4.206088,0.908795,1.000000]),new Float32Array([0.956660,-0.291177,0.004101,0.000000,0.291180,0.956668,-0.000148,0.000000,-0.003880,0.001336,0.999992,0.000000,0.396178,-4.148013,0.921342,1.000000]),new Float32Array([0.280554,-0.959834,0.002998,0.000000,0.959838,0.280551,-0.001442,0.000000,0.000543,0.003282,0.999995,0.000000,0.069454,-4.165214,0.957147,1.000000]),new Float32Array([-0.721623,-0.692274,0.004050,0.000000,0.692272,-0.721633,-0.002059,0.000000,0.004348,0.001318,0.999990,0.000000,-0.174050,-4.234887,0.994396,1.000000]),new Float32Array([-0.973858,-0.227107,0.004890,0.000000,0.227109,-0.973869,-0.000017,0.000000,0.004766,0.001094,0.999988,0.000000,-0.346456,-4.201243,1.011007,1.000000]),new Float32Array([-0.999366,-0.035281,0.004888,0.000000,0.035282,-0.999378,-0.000000,0.000000,0.004885,0.000172,0.999988,0.000000,-0.378199,-3.873878,0.929577,1.000000]),new Float32Array([-0.973748,-0.227575,0.004880,0.000000,0.227577,-0.973760,0.000039,0.000000,0.004743,0.001148,0.999988,0.000000,-0.291039,-3.152225,0.910358,1.000000]),new Float32Array([-0.588397,0.808557,0.004852,0.000000,-0.808567,-0.588404,0.000031,0.000000,0.002880,-0.003905,0.999988,0.000000,-0.028348,-3.017092,0.956189,1.000000]),new Float32Array([0.639196,0.769000,0.008225,0.000000,-0.769040,0.639121,0.010093,0.000000,0.002505,-0.012777,0.999915,0.000000,-0.144062,-2.846418,0.925723,1.000000]),new Float32Array([0.884072,0.467332,0.004133,0.000000,-0.467336,0.884080,-0.000131,0.000000,-0.003715,-0.001815,0.999991,0.000000,-0.159341,-2.756426,0.890660,1.000000]),new Float32Array([0.999988,-0.000000,0.004888,0.000000,0.000000,1.000000,0.000000,0.000000,-0.004888,0.000000,0.999988,0.000000,0.117343,-2.870311,0.908795,1.000000]),new Float32Array([0.999988,-0.000000,0.004888,0.000000,0.000000,1.000000,0.000000,0.000000,-0.004888,0.000000,0.999988,0.000000,0.086996,-2.749391,0.991932,1.000000]),new Float32Array([0.999988,-0.000000,0.004888,0.000000,0.000000,1.000000,0.000000,0.000000,-0.004888,0.000000,0.999988,0.000000,0.032058,-2.518032,1.053262,1.000000]),new Float32Array([0.999988,-0.000000,0.004888,0.000000,0.000000,1.000000,0.000000,0.000000,-0.004888,0.000000,0.999988,0.000000,-0.022751,-2.267508,0.983105,1.000000])],"Bone.002_R.001": [new Float32Array([0.999988,-0.000149,0.004886,0.000000,0.000000,0.999538,0.030382,0.000000,-0.004888,-0.030382,0.999526,0.000000,-0.003508,0.062623,0.032099,1.000000]),new Float32Array([0.999988,-0.000149,0.004886,0.000000,0.000000,0.999538,0.030382,0.000000,-0.004888,-0.030382,0.999526,0.000000,-0.003508,0.062623,0.032099,1.000000]),new Float32Array([0.999988,-0.000149,0.004886,0.000000,0.000000,0.999538,0.030382,0.000000,-0.004888,-0.030382,0.999526,0.000000,-0.003508,0.062623,0.032099,1.000000]),new Float32Array([0.999988,-0.000149,0.004886,0.000000,0.000000,0.999538,0.030382,0.000000,-0.004888,-0.030382,0.999526,0.000000,-0.003508,0.062623,0.032099,1.000000]),new Float32Array([0.999988,-0.000149,0.004886,0.000000,0.000000,0.999538,0.030382,0.000000,-0.004888,-0.030382,0.999526,0.000000,-0.003508,0.062623,0.032099,1.000000]),new Float32Array([0.999988,-0.000149,0.004886,0.000000,0.000000,0.999538,0.030382,0.000000,-0.004888,-0.030382,0.999526,0.000000,-0.003508,0.062623,0.032099,1.000000]),new Float32Array([0.999988,-0.000149,0.004886,0.000000,0.000000,0.999538,0.030382,0.000000,-0.004888,-0.030382,0.999526,0.000000,-0.003508,0.062623,0.032099,1.000000]),new Float32Array([0.999988,-0.000149,0.004886,0.000000,0.000000,0.999538,0.030382,0.000000,-0.004888,-0.030382,0.999526,0.000000,-0.003508,0.062623,0.032099,1.000000]),new Float32Array([0.999988,-0.000149,0.004886,0.000000,0.000000,0.999538,0.030382,0.000000,-0.004888,-0.030382,0.999526,0.000000,-0.003508,0.062623,0.032099,1.000000]),new Float32Array([0.999988,-0.000149,0.004886,0.000000,0.000000,0.999538,0.030382,0.000000,-0.004888,-0.030382,0.999526,0.000000,-0.003508,0.062623,0.032099,1.000000]),new Float32Array([0.999988,-0.000149,0.004886,0.000000,0.000000,0.999538,0.030382,0.000000,-0.004888,-0.030382,0.999526,0.000000,-0.003508,0.062623,0.032099,1.000000]),new Float32Array([0.999988,-0.000149,0.004886,0.000000,0.000000,0.999538,0.030382,0.000000,-0.004888,-0.030382,0.999526,0.000000,-0.003508,0.062623,0.032099,1.000000]),new Float32Array([0.999988,-0.000149,0.004886,0.000000,0.000000,0.999538,0.030382,0.000000,-0.004888,-0.030382,0.999526,0.000000,-0.003508,0.062623,0.032099,1.000000]),new Float32Array([0.999988,-0.000149,0.004886,0.000000,0.000000,0.999538,0.030382,0.000000,-0.004888,-0.030382,0.999526,0.000000,-0.003508,0.062623,0.032099,1.000000]),new Float32Array([0.999988,-0.000149,0.004886,0.000000,0.000000,0.999538,0.030382,0.000000,-0.004888,-0.030382,0.999526,0.000000,-0.003508,0.062623,0.032099,1.000000]),new Float32Array([0.999988,-0.000149,0.004886,0.000000,0.000000,0.999538,0.030382,0.000000,-0.004888,-0.030382,0.999526,0.000000,-0.003508,0.062623,0.032099,1.000000]),new Float32Array([0.999988,-0.000149,0.004886,0.000000,0.000000,0.999538,0.030382,0.000000,-0.004888,-0.030382,0.999526,0.000000,-0.003508,0.062623,0.032099,1.000000]),new Float32Array([0.999988,-0.000149,0.004886,0.000000,0.000000,0.999538,0.030382,0.000000,-0.004888,-0.030382,0.999526,0.000000,-0.003508,0.062623,0.032099,1.000000]),new Float32Array([0.999988,-0.000149,0.004886,0.000000,0.000000,0.999538,0.030382,0.000000,-0.004888,-0.030382,0.999526,0.000000,-0.003508,0.062623,0.032099,1.000000]),new Float32Array([0.999988,-0.000149,0.004886,0.000000,0.000000,0.999538,0.030382,0.000000,-0.004888,-0.030382,0.999526,0.000000,-0.003508,0.062623,0.032099,1.000000]),new Float32Array([0.999988,-0.000149,0.004886,0.000000,0.000000,0.999538,0.030382,0.000000,-0.004888,-0.030382,0.999526,0.000000,-0.003508,0.062623,0.032099,1.000000]),new Float32Array([0.999988,-0.000149,0.004886,0.000000,0.000000,0.999538,0.030382,0.000000,-0.004888,-0.030382,0.999526,0.000000,-0.003508,0.062623,0.032099,1.000000]),new Float32Array([0.999988,-0.000149,0.004886,0.000000,0.000000,0.999538,0.030382,0.000000,-0.004888,-0.030382,0.999526,0.000000,-0.003508,0.062623,0.032099,1.000000]),new Float32Array([0.999988,-0.000149,0.004886,0.000000,0.000000,0.999538,0.030382,0.000000,-0.004888,-0.030382,0.999526,0.000000,-0.003508,0.062623,0.032099,1.000000]),new Float32Array([0.999988,-0.000149,0.004886,0.000000,0.000000,0.999538,0.030382,0.000000,-0.004888,-0.030382,0.999526,0.000000,-0.003508,0.062623,0.032099,1.000000]),new Float32Array([0.999988,-0.000149,0.004886,0.000000,0.000000,0.999538,0.030382,0.000000,-0.004888,-0.030382,0.999526,0.000000,-0.003508,0.062623,0.032099,1.000000]),new Float32Array([0.999988,0.001407,0.004681,0.000000,-0.000000,0.957709,-0.287738,0.000000,-0.004888,0.287734,0.957698,0.000000,-0.015785,-0.631353,-0.101802,1.000000]),new Float32Array([0.999988,0.001346,0.004699,0.000000,0.000000,0.961324,-0.275421,0.000000,-0.004888,0.275418,0.961312,0.000000,-0.035497,-0.674871,-0.291937,1.000000]),new Float32Array([0.999988,-0.000684,0.004840,0.000000,0.000000,0.990155,0.139980,0.000000,-0.004888,-0.139978,0.990142,0.000000,-0.052567,-0.124869,0.434047,1.000000]),new Float32Array([0.999988,-0.001132,0.004756,0.000000,-0.000017,0.972030,0.234857,0.000000,-0.004889,-0.234854,0.972018,0.000000,-0.057134,-0.162882,1.126381,1.000000]),new Float32Array([0.999988,-0.001336,0.004702,0.000000,-0.000001,0.961839,0.273617,0.000000,-0.004888,-0.273614,0.961827,0.000000,-0.054964,-0.273171,1.684187,1.000000]),new Float32Array([0.999988,-0.001361,0.004695,0.000000,0.000000,0.960434,0.278508,0.000000,-0.004888,-0.278504,0.960423,0.000000,-0.052567,-0.451930,1.877186,1.000000]),new Float32Array([0.999988,-0.000866,0.004811,0.000000,0.000002,0.984248,0.176795,0.000000,-0.004888,-0.176793,0.984236,0.000000,-0.052204,-0.875439,1.723158,1.000000]),new Float32Array([0.999988,0.000404,0.004873,0.000000,-0.000008,0.996710,-0.081054,0.000000,-0.004890,0.081053,0.996698,0.000000,-0.052370,-1.630610,1.435818,1.000000]),new Float32Array([0.999988,0.001381,0.004689,0.000000,0.000000,0.959248,-0.282566,0.000000,-0.004888,0.282562,0.959236,0.000000,-0.052567,-2.236757,1.261392,1.000000]),new Float32Array([0.999988,0.001724,0.004574,0.000000,0.000000,0.935724,-0.352734,0.000000,-0.004888,0.352730,0.935712,0.000000,-0.052567,-2.495872,1.113473,1.000000]),new Float32Array([0.999988,0.002553,0.004169,0.000000,0.000000,0.852803,-0.522232,0.000000,-0.004888,0.522226,0.852793,0.000000,-0.052567,-2.934189,1.033077,1.000000]),new Float32Array([0.999988,0.002241,0.004348,0.000000,-0.000009,0.889756,-0.456437,0.000000,-0.004892,0.456432,0.889745,0.000000,-0.055616,-2.911317,1.018456,1.000000]),new Float32Array([0.999988,0.001289,0.004715,0.000000,-0.000000,0.964600,-0.263718,0.000000,-0.004888,0.263715,0.964588,0.000000,-0.052567,-2.674641,0.952563,1.000000]),new Float32Array([0.999988,-0.000229,0.004883,0.000000,0.000001,0.998908,0.046726,0.000000,-0.004888,-0.046725,0.998896,0.000000,-0.035492,-2.257478,0.927768,1.000000]),new Float32Array([0.999988,-0.000939,0.004798,0.000000,-0.000015,0.980793,0.195051,0.000000,-0.004889,-0.195049,0.980781,0.000000,-0.005913,-2.225054,0.980675,1.000000]),new Float32Array([0.999988,-0.001247,0.004726,0.000000,-0.000000,0.966885,0.255214,0.000000,-0.004888,-0.255211,0.966873,0.000000,0.029340,-2.403284,1.006482,1.000000]),new Float32Array([0.999988,-0.001283,0.004717,0.000000,-0.000000,0.964915,0.262564,0.000000,-0.004888,-0.262561,0.964903,0.000000,0.058906,-2.691728,1.001511,1.000000]),new Float32Array([0.999988,0.000230,0.004883,0.000000,-0.000008,0.998971,-0.045367,0.000000,-0.004889,0.045366,0.998958,0.000000,0.072452,-3.604744,0.894800,1.000000]),new Float32Array([0.999988,0.001667,0.004594,0.000000,0.000003,0.939827,-0.341651,0.000000,-0.004887,0.341647,0.939816,0.000000,0.065597,-4.463703,0.995156,1.000000]),new Float32Array([0.999988,0.000781,0.004825,0.000000,-0.000000,0.987140,-0.159858,0.000000,-0.004888,0.159857,0.987128,0.000000,-0.141526,-4.268884,0.976186,1.000000]),new Float32Array([0.981411,0.000906,0.191914,0.000000,0.029801,0.987140,-0.157054,0.000000,-0.189588,0.159854,0.968764,0.000000,-0.262603,-4.393540,1.009681,1.000000]),new Float32Array([0.928137,0.000781,0.372238,0.000000,0.058789,0.987140,-0.148656,0.000000,-0.367567,0.159857,0.916155,0.000000,-0.414528,-4.482456,1.059713,1.000000]),new Float32Array([0.927324,-0.024926,0.373428,0.000000,0.062715,0.994021,-0.089388,0.000000,-0.368967,0.106311,0.923342,0.000000,-0.962656,-4.418359,0.921108,1.000000]),new Float32Array([0.928137,-0.041643,0.369902,0.000000,0.058789,0.997650,-0.035195,0.000000,-0.367567,0.054412,0.928404,0.000000,-1.451783,-4.313141,0.791151,1.000000]),new Float32Array([0.991511,-0.041643,-0.123174,0.000000,0.034550,0.997650,-0.059170,0.000000,0.125349,0.054412,0.990619,0.000000,-2.706360,-4.311209,0.993024,1.000000]),new Float32Array([0.952006,0.067485,-0.298548,0.000000,-0.088892,0.994310,-0.058699,0.000000,0.292888,0.082420,0.952588,0.000000,-3.143329,-4.421604,1.151655,1.000000]),new Float32Array([0.931581,0.159257,-0.326795,0.000000,-0.187066,0.980790,-0.055295,0.000000,0.311711,0.112644,0.943476,0.000000,-3.207529,-4.531152,1.168698,1.000000]),new Float32Array([0.963819,0.158302,-0.214462,0.000000,-0.179319,0.980347,-0.082250,0.000000,0.197227,0.117731,0.973263,0.000000,-2.399278,-4.528866,1.360581,1.000000]),new Float32Array([0.986566,0.159115,0.037024,0.000000,-0.153548,0.980531,-0.122399,0.000000,-0.055778,0.115070,0.991790,0.000000,-0.774208,-4.521672,1.498709,1.000000]),new Float32Array([0.975164,0.159257,0.153927,0.000000,-0.138491,0.980790,-0.137373,0.000000,-0.172848,0.112644,0.978486,0.000000,0.500163,-4.545758,0.854694,1.000000]),new Float32Array([0.986922,0.159257,-0.024960,0.000000,-0.161051,0.980790,-0.110063,0.000000,0.006952,0.112644,0.993611,0.000000,1.020247,-4.598989,0.997461,1.000000]),new Float32Array([0.966136,0.159257,-0.203024,0.000000,-0.178299,0.980790,-0.079124,0.000000,0.186522,0.112644,0.975972,0.000000,1.372798,-4.651120,1.212016,1.000000]),new Float32Array([0.986360,0.159334,-0.041318,0.000000,-0.162932,0.980771,-0.107436,0.000000,0.023405,0.112702,0.993353,0.000000,2.319429,-4.700237,1.154420,1.000000]),new Float32Array([0.979721,0.159257,0.121591,0.000000,-0.142959,0.980790,-0.132718,0.000000,-0.140392,0.112644,0.983667,0.000000,3.176119,-4.739724,1.107615,1.000000]),new Float32Array([0.986823,0.159257,0.028590,0.000000,-0.154846,0.980790,-0.118634,0.000000,-0.046934,0.112644,0.992526,0.000000,3.273975,-4.752547,0.897695,1.000000]),new Float32Array([0.983947,0.156763,0.085289,0.000000,-0.134947,0.966293,-0.219241,0.000000,-0.116783,0.204212,0.971936,0.000000,3.553063,-4.926771,0.777960,1.000000]),new Float32Array([0.963920,0.161784,0.211385,0.000000,-0.085234,0.939887,-0.330677,0.000000,-0.252177,0.300729,0.919766,0.000000,3.874741,-5.098722,0.776864,1.000000]),new Float32Array([0.909205,0.162951,0.383137,0.000000,-0.023407,0.938779,-0.343723,0.000000,-0.415691,0.303546,0.857356,0.000000,4.016234,-5.060946,0.937676,1.000000]),new Float32Array([0.860823,0.161784,0.482504,0.000000,0.014590,0.939887,-0.341173,0.000000,-0.508696,0.300729,0.806716,0.000000,3.540246,-4.988317,1.114761,1.000000]),new Float32Array([0.812505,0.502924,0.294792,0.000000,-0.431541,0.858879,-0.275862,0.000000,-0.391928,0.096925,0.914876,0.000000,1.914886,-4.703242,0.892181,1.000000]),new Float32Array([0.932104,0.294560,0.210753,0.000000,-0.224425,0.926431,-0.302258,0.000000,-0.284282,0.234438,0.929636,0.000000,0.932369,-4.960793,0.917708,1.000000]),new Float32Array([0.784787,-0.599654,0.156605,0.000000,0.606195,0.690104,-0.395328,0.000000,0.128986,0.405182,0.905091,0.000000,-0.517517,-5.152104,1.023628,1.000000]),new Float32Array([-0.170205,-0.981204,0.090934,0.000000,0.842130,-0.192756,-0.503649,0.000000,0.511710,-0.009145,0.859109,0.000000,-1.515102,-3.992608,1.181191,1.000000]),new Float32Array([-0.677054,-0.735564,-0.023326,0.000000,0.615322,-0.548420,-0.566229,0.000000,0.403705,-0.397720,0.823918,0.000000,-1.294239,-3.044267,1.327626,1.000000]),new Float32Array([-0.885820,-0.215111,-0.411158,0.000000,0.424271,-0.734306,-0.529895,0.000000,-0.187930,-0.643834,0.741728,0.000000,0.001150,-2.410851,1.636851,1.000000]),new Float32Array([-0.817079,-0.420622,-0.394283,0.000000,0.500112,-0.857358,-0.121760,0.000000,-0.286827,-0.296673,0.910887,0.000000,0.255566,-2.415006,1.303898,1.000000]),new Float32Array([-0.823518,0.564480,-0.056395,0.000000,-0.565347,-0.808414,0.163857,0.000000,0.046903,0.166822,0.984871,0.000000,0.039068,-3.258903,1.040049,1.000000]),new Float32Array([0.220387,0.969360,-0.108491,0.000000,-0.944875,0.239776,0.222978,0.000000,0.242160,0.053369,0.968768,0.000000,-0.426050,-3.139970,1.079227,1.000000]),new Float32Array([0.608478,0.727809,-0.316304,0.000000,-0.746095,0.660464,0.084443,0.000000,0.270366,0.184611,0.944892,0.000000,-0.604068,-3.312758,1.193046,1.000000]),new Float32Array([0.920389,0.217187,-0.325137,0.000000,-0.291326,0.935536,-0.199753,0.000000,0.260794,0.278571,0.924329,0.000000,-0.420808,-3.575332,1.227175,1.000000]),new Float32Array([0.967429,0.078142,-0.240782,0.000000,-0.194019,0.839835,-0.506985,0.000000,0.162600,0.537188,0.827641,0.000000,-0.263257,-3.922805,1.428865,1.000000]),new Float32Array([0.990504,0.011631,-0.136988,0.000000,-0.094653,0.780348,-0.618140,0.000000,0.099709,0.625237,0.774039,0.000000,-0.189757,-3.843234,1.530728,1.000000]),new Float32Array([0.999107,-0.000051,-0.042257,0.000000,-0.019086,0.891639,-0.452344,0.000000,0.037701,0.452746,0.890842,0.000000,-0.112548,-3.216694,1.184555,1.000000])],"Bone.002_R.003": [new Float32Array([0.881636,0.405338,-0.241700,0.000000,-0.410907,0.911207,0.029278,0.000000,0.232106,0.073504,0.969909,0.000000,-0.193280,-0.297434,0.220514,1.000000]),new Float32Array([0.881636,0.405338,-0.241700,0.000000,-0.410907,0.911207,0.029278,0.000000,0.232106,0.073504,0.969909,0.000000,-0.193280,-0.297434,0.220514,1.000000]),new Float32Array([0.881636,0.405338,-0.241700,0.000000,-0.410907,0.911207,0.029278,0.000000,0.232106,0.073504,0.969909,0.000000,-0.193280,-0.297434,0.220514,1.000000]),new Float32Array([0.881636,0.405338,-0.241700,0.000000,-0.410907,0.911207,0.029278,0.000000,0.232106,0.073504,0.969909,0.000000,-0.193280,-0.297434,0.220514,1.000000]),new Float32Array([0.881636,0.405338,-0.241700,0.000000,-0.410907,0.911207,0.029278,0.000000,0.232106,0.073504,0.969909,0.000000,-0.193280,-0.297434,0.220514,1.000000]),new Float32Array([0.881636,0.405338,-0.241700,0.000000,-0.410907,0.911207,0.029278,0.000000,0.232106,0.073504,0.969909,0.000000,-0.193280,-0.297434,0.220514,1.000000]),new Float32Array([0.881636,0.405338,-0.241700,0.000000,-0.410907,0.911207,0.029278,0.000000,0.232106,0.073504,0.969909,0.000000,-0.193280,-0.297434,0.220514,1.000000]),new Float32Array([0.881636,0.405338,-0.241700,0.000000,-0.410907,0.911207,0.029278,0.000000,0.232106,0.073504,0.969909,0.000000,-0.193280,-0.297434,0.220514,1.000000]),new Float32Array([0.881636,0.405338,-0.241700,0.000000,-0.410907,0.911207,0.029278,0.000000,0.232106,0.073504,0.969909,0.000000,-0.193280,-0.297434,0.220514,1.000000]),new Float32Array([0.881636,0.405338,-0.241700,0.000000,-0.410907,0.911207,0.029278,0.000000,0.232106,0.073504,0.969909,0.000000,-0.193280,-0.297434,0.220514,1.000000]),new Float32Array([0.881636,0.405338,-0.241700,0.000000,-0.410907,0.911207,0.029278,0.000000,0.232106,0.073504,0.969909,0.000000,-0.193280,-0.297434,0.220514,1.000000]),new Float32Array([0.881636,0.405338,-0.241700,0.000000,-0.410907,0.911207,0.029278,0.000000,0.232106,0.073504,0.969909,0.000000,-0.193280,-0.297434,0.220514,1.000000]),new Float32Array([0.881636,0.405338,-0.241700,0.000000,-0.410907,0.911207,0.029278,0.000000,0.232106,0.073504,0.969909,0.000000,-0.193280,-0.297434,0.220514,1.000000]),new Float32Array([0.881636,0.405338,-0.241700,0.000000,-0.410907,0.911207,0.029278,0.000000,0.232106,0.073504,0.969909,0.000000,-0.193280,-0.297434,0.220514,1.000000]),new Float32Array([0.881636,0.405338,-0.241700,0.000000,-0.410907,0.911207,0.029278,0.000000,0.232106,0.073504,0.969909,0.000000,-0.193280,-0.297434,0.220514,1.000000]),new Float32Array([0.881636,0.405338,-0.241700,0.000000,-0.410907,0.911207,0.029278,0.000000,0.232106,0.073504,0.969909,0.000000,-0.193280,-0.297434,0.220514,1.000000]),new Float32Array([0.881636,0.405338,-0.241700,0.000000,-0.410907,0.911207,0.029278,0.000000,0.232106,0.073504,0.969909,0.000000,-0.193280,-0.297434,0.220514,1.000000]),new Float32Array([0.881636,0.405338,-0.241700,0.000000,-0.410907,0.911207,0.029278,0.000000,0.232106,0.073504,0.969909,0.000000,-0.193280,-0.297434,0.220514,1.000000]),new Float32Array([0.881636,0.405338,-0.241700,0.000000,-0.410907,0.911207,0.029278,0.000000,0.232106,0.073504,0.969909,0.000000,-0.193280,-0.297434,0.220514,1.000000]),new Float32Array([0.881636,0.405338,-0.241700,0.000000,-0.410907,0.911207,0.029278,0.000000,0.232106,0.073504,0.969909,0.000000,-0.193280,-0.297434,0.220514,1.000000]),new Float32Array([0.881636,0.405338,-0.241700,0.000000,-0.410907,0.911207,0.029278,0.000000,0.232106,0.073504,0.969909,0.000000,-0.193280,-0.297434,0.220514,1.000000]),new Float32Array([0.881636,0.405338,-0.241700,0.000000,-0.410907,0.911207,0.029278,0.000000,0.232106,0.073504,0.969909,0.000000,-0.193280,-0.297434,0.220514,1.000000]),new Float32Array([0.881636,0.405338,-0.241700,0.000000,-0.410907,0.911207,0.029278,0.000000,0.232106,0.073504,0.969909,0.000000,-0.193280,-0.297434,0.220514,1.000000]),new Float32Array([0.881636,0.405338,-0.241700,0.000000,-0.410907,0.911207,0.029278,0.000000,0.232106,0.073504,0.969909,0.000000,-0.193280,-0.297434,0.220514,1.000000]),new Float32Array([0.881636,0.405338,-0.241700,0.000000,-0.410907,0.911207,0.029278,0.000000,0.232106,0.073504,0.969909,0.000000,-0.193280,-0.297434,0.220514,1.000000]),new Float32Array([0.881636,0.405338,-0.241700,0.000000,-0.410907,0.911207,0.029278,0.000000,0.232106,0.073504,0.969909,0.000000,-0.193280,-0.297434,0.220514,1.000000]),new Float32Array([0.881636,0.439080,-0.172992,0.000000,-0.410907,0.894488,0.176201,0.000000,0.232106,-0.084262,0.969034,0.000000,-0.205556,-0.241233,0.195656,1.000000]),new Float32Array([0.881636,0.394387,-0.259186,0.000000,-0.410907,0.911616,-0.010577,0.000000,0.232106,0.115826,0.965769,0.000000,-0.225268,-0.126019,0.229799,1.000000]),new Float32Array([0.881636,0.461661,0.097915,0.000000,-0.410907,0.648890,0.640388,0.000000,0.232106,-0.604823,0.761784,0.000000,-0.242338,-0.173769,0.512369,1.000000]),new Float32Array([0.881614,0.438344,0.174961,0.000000,-0.411042,0.530914,0.741063,0.000000,0.231951,-0.725248,0.648239,0.000000,-0.246709,-0.138988,1.238017,1.000000]),new Float32Array([0.881529,0.397685,0.254466,0.000000,-0.411166,0.381744,0.827777,0.000000,0.232054,-0.834337,0.500033,0.000000,-0.244591,-0.105729,1.910302,1.000000]),new Float32Array([0.881462,0.392578,0.262502,0.000000,-0.411282,0.364951,0.835259,0.000000,0.232104,-0.844212,0.483150,0.000000,-0.242215,-0.240374,2.175172,1.000000]),new Float32Array([0.881442,0.436768,0.179701,0.000000,-0.411341,0.522986,0.746515,0.000000,0.232073,-0.731928,0.640643,0.000000,-0.241834,-0.657261,2.012578,1.000000]),new Float32Array([0.881490,0.471915,0.016448,0.000000,-0.411242,0.750108,0.517898,0.000000,0.232066,-0.463286,0.855284,0.000000,-0.242039,-1.369247,1.675933,1.000000]),new Float32Array([0.881636,0.457676,-0.115112,0.000000,-0.410907,0.864415,0.289728,0.000000,0.232106,-0.208134,0.950161,0.000000,-0.242338,-1.951087,1.456928,1.000000]),new Float32Array([0.881636,0.441665,-0.166283,0.000000,-0.410907,0.891700,0.189808,0.000000,0.232106,-0.099015,0.967638,0.000000,-0.242338,-2.216916,1.290593,1.000000]),new Float32Array([0.881636,0.408321,-0.236627,0.000000,-0.410907,0.910771,0.040637,0.000000,0.232106,0.061405,0.970750,0.000000,-0.242338,-2.519290,1.177883,1.000000]),new Float32Array([0.882116,0.414946,-0.222914,0.000000,-0.410710,0.909277,0.067321,0.000000,0.230626,0.032168,0.972511,0.000000,-0.244322,-2.532604,1.195674,1.000000]),new Float32Array([0.881735,0.416429,-0.221650,0.000000,-0.410781,0.908784,0.073285,0.000000,0.231950,0.026432,0.972368,0.000000,-0.242388,-2.486142,1.186966,1.000000]),new Float32Array([0.881761,0.370387,-0.292082,0.000000,-0.410746,0.907358,-0.089381,0.000000,0.231917,0.198784,0.952208,0.000000,-0.225329,-2.514433,1.168822,1.000000]),new Float32Array([0.881770,0.449225,-0.143803,0.000000,-0.410744,0.881181,0.234115,0.000000,0.231887,-0.147369,0.961515,0.000000,-0.195752,-2.356061,1.201798,1.000000]),new Float32Array([0.881788,0.460888,0.100160,0.000000,-0.410662,0.645816,0.643645,0.000000,0.231963,-0.608691,0.758741,0.000000,-0.160569,-2.246345,1.394550,1.000000]),new Float32Array([0.881787,0.428151,0.197835,0.000000,-0.410716,0.490842,0.768366,0.000000,0.231871,-0.758789,0.608666,0.000000,-0.130941,-2.434749,1.513379,1.000000]),new Float32Array([0.881770,0.468792,0.052109,0.000000,-0.410919,0.709243,0.572817,0.000000,0.231574,-0.526506,0.818025,0.000000,-0.117178,-3.210397,1.297789,1.000000]),new Float32Array([0.880974,0.338998,-0.330098,0.000000,-0.414368,0.889553,-0.192342,0.000000,0.228436,0.306230,0.924143,0.000000,-0.120777,-4.655207,1.242816,1.000000]),new Float32Array([0.881636,0.400081,-0.250306,0.000000,-0.410907,0.911625,0.009800,0.000000,0.232106,0.094212,0.968117,0.000000,-0.331297,-4.478072,1.177082,1.000000]),new Float32Array([0.882559,0.468718,0.037322,0.000000,-0.468844,0.871211,0.145524,0.000000,0.035694,-0.145932,0.988650,0.000000,-0.448955,-4.445533,1.117724,1.000000]),new Float32Array([0.694703,0.481006,0.534808,0.000000,-0.705037,0.602660,0.373795,0.000000,-0.142510,-0.636737,0.757797,0.000000,-0.485509,-4.132780,1.119443,1.000000]),new Float32Array([0.492754,0.152526,0.856697,0.000000,-0.865957,0.182702,0.465552,0.000000,-0.085512,-0.971265,0.222108,0.000000,-0.893204,-3.616843,1.219128,1.000000]),new Float32Array([0.437526,-0.158069,0.885203,0.000000,-0.897331,-0.013215,0.441160,0.000000,-0.058036,-0.987340,-0.147622,0.000000,-1.327422,-3.319023,1.358057,1.000000]),new Float32Array([0.947024,-0.156861,0.280251,0.000000,-0.285558,-0.011922,0.958287,0.000000,-0.146976,-0.987549,-0.056083,0.000000,-2.471139,-3.318046,1.543267,1.000000]),new Float32Array([0.981636,0.118460,0.149522,0.000000,-0.109325,-0.292969,0.949851,0.000000,0.156325,-0.948755,-0.274639,0.000000,-3.112597,-3.513911,1.898327,1.000000]),new Float32Array([0.889233,0.357180,0.285809,0.000000,-0.062885,-0.523405,0.849761,0.000000,0.453111,-0.773608,-0.442967,0.000000,-3.398755,-3.867069,2.062527,1.000000]),new Float32Array([0.831778,0.360893,0.421782,0.000000,-0.155964,-0.577280,0.801513,0.000000,0.532747,-0.732464,-0.423883,0.000000,-2.729500,-3.952649,2.356068,1.000000]),new Float32Array([0.714608,0.365022,0.596736,0.000000,-0.353730,-0.547394,0.758442,0.000000,0.603498,-0.753072,-0.262053,0.000000,-1.359910,-3.980628,2.473874,1.000000]),new Float32Array([0.843794,0.406912,-0.349907,0.000000,-0.453631,0.889175,-0.059888,0.000000,0.286759,0.209262,0.934868,0.000000,0.007569,-4.726746,1.226763,1.000000]),new Float32Array([0.856334,0.261664,-0.445224,0.000000,-0.130465,0.943780,0.303739,0.000000,0.499671,-0.202016,0.842329,0.000000,0.602619,-4.003385,1.670152,1.000000]),new Float32Array([0.560817,0.642809,-0.521805,0.000000,0.329938,0.404524,0.852937,0.000000,0.759358,-0.650505,0.014777,0.000000,1.221071,-4.195887,2.764785,1.000000]),new Float32Array([0.898314,0.302911,-0.318240,0.000000,-0.065181,0.808204,0.585285,0.000000,0.434492,-0.505027,0.745765,0.000000,1.859038,-4.165761,1.698615,1.000000]),new Float32Array([0.947627,0.170727,0.269915,0.000000,-0.156492,0.984935,-0.073573,0.000000,-0.278410,0.027480,0.960069,0.000000,3.231493,-4.755329,0.980228,1.000000]),new Float32Array([0.925716,0.368973,-0.083110,0.000000,-0.373731,0.926124,-0.051182,0.000000,0.058086,0.078441,0.995225,0.000000,3.078738,-4.757819,0.961691,1.000000]),new Float32Array([0.900790,0.392076,-0.186689,0.000000,-0.388773,0.919657,0.055559,0.000000,0.193473,0.022532,0.980847,0.000000,3.009445,-4.656282,1.041258,1.000000]),new Float32Array([0.942519,0.317094,-0.105402,0.000000,-0.314908,0.948392,0.037213,0.000000,0.111763,-0.001882,0.993733,0.000000,3.111557,-4.563641,1.053265,1.000000]),new Float32Array([0.918559,0.393726,0.035068,0.000000,-0.394824,0.909591,0.129456,0.000000,0.019073,-0.132758,0.990965,0.000000,3.343470,-4.876044,1.015025,1.000000]),new Float32Array([0.877202,0.465560,0.117343,0.000000,-0.479488,0.862019,0.164363,0.000000,-0.024631,-0.200444,0.979395,0.000000,3.115225,-5.162824,1.245160,1.000000]),new Float32Array([0.783531,-0.187375,0.592427,0.000000,-0.602294,0.005295,0.798257,0.000000,-0.152710,-0.982274,-0.108706,0.000000,1.310607,-3.155263,1.572704,1.000000]),new Float32Array([0.730877,-0.376727,0.569118,0.000000,-0.542324,0.185700,0.819391,0.000000,-0.414372,-0.907520,-0.068583,0.000000,0.779725,-3.268357,1.749872,1.000000]),new Float32Array([0.160393,-0.793527,0.587017,0.000000,-0.058283,0.586065,0.808166,0.000000,-0.985331,-0.163837,0.047752,0.000000,0.850848,-4.057441,1.812068,1.000000]),new Float32Array([-0.569373,-0.571907,0.590539,0.000000,0.579870,0.229794,0.781630,0.000000,-0.582722,0.787475,0.200794,0.000000,0.126929,-4.765945,1.803820,1.000000]),new Float32Array([-0.805608,-0.255579,0.534486,0.000000,0.587763,-0.231545,0.775191,0.000000,-0.074365,0.938651,0.336755,0.000000,-0.354186,-4.648230,1.781864,1.000000]),new Float32Array([-0.977229,-0.158544,-0.141020,0.000000,0.202905,-0.892649,-0.402501,0.000000,-0.062068,-0.421949,0.904492,0.000000,0.263888,-2.814539,1.248054,1.000000]),new Float32Array([-0.972006,-0.184679,-0.145251,0.000000,0.179153,-0.982531,0.050365,0.000000,-0.152016,0.022933,0.988112,0.000000,0.569154,-2.791954,1.091532,1.000000]),new Float32Array([-0.574466,0.815935,-0.065109,0.000000,-0.818410,-0.573916,0.028723,0.000000,-0.013931,0.069787,0.997465,0.000000,-0.027667,-3.687873,1.007450,1.000000]),new Float32Array([0.526447,0.738793,-0.420760,0.000000,-0.818557,0.574204,-0.015944,0.000000,0.229823,0.352810,0.907032,0.000000,-0.823498,-3.276716,1.350646,1.000000]),new Float32Array([0.739189,0.401006,-0.541104,0.000000,-0.499843,0.865112,-0.041700,0.000000,0.451394,0.301291,0.839921,0.000000,-0.970495,-3.060875,1.449054,1.000000]),new Float32Array([0.853770,0.066977,-0.516323,0.000000,-0.061887,0.997716,0.027089,0.000000,0.516958,0.008825,0.855965,0.000000,-0.592237,-3.011886,1.464378,1.000000]),new Float32Array([0.882111,0.197415,-0.427676,0.000000,-0.159487,0.979485,0.123177,0.000000,0.443220,-0.040447,0.895500,0.000000,-0.443231,-3.205909,1.594118,1.000000]),new Float32Array([0.889787,0.316949,-0.328364,0.000000,-0.287696,0.948083,0.135538,0.000000,0.354275,-0.026131,0.934776,0.000000,-0.363813,-3.157440,1.634210,1.000000]),new Float32Array([0.885358,0.390742,-0.251916,0.000000